33	94	37	84	51
71	29	19	68	89
100	51	8	12	76
66	36	22	21	46
38	48	30	76	56
59	65	30	49	9
26	1	61	22	65
53	73	59	49	14
2	19	62	82	59
60	40	1	41	100
49	38	21	83	11
35	62	12	84	100
50	60	97	27	81
66	51	19	93	60
32	29	44	81	43
70	7	86	6	40
36	61	59	99	72
99	89	21	20	30
5	59	99	100	21
46	12	35	84	68
61	83	60	11	63
15	23	78	53	53
98	82	56	43	9
69	84	77	63	74
82	17	46	86	45
83	78	47	76	8
87	97	56	11	60
55	2	76	98	61
40	79	45	90	55
31	78	80	50	66
79	50	80	59	95
33	44	12	28	72
17	24	15	89	23
60	29	31	84	96
60	51	98	23	28
86	87	71	24	49
81	95	22	44	53
40	42	66	8	24
60	68	62	54	90
46	24	56	56	33
37	18	78	53	44
13	57	58	93	1
20	13	88	31	66
30	22	84	12	24
63	6	87	10	6
22	51	56	84	80
62	3	81	4	93
30	37	75	75	80
11	91	40	31	18
85	11	6	14	78
25	84	13	27	100
10	31	23	73	73
91	86	67	37	45
74	87	69	20	13
43	52	84	33	6
65	64	47	24	53
83	6	26	73	79
54	85	63	56	93
8	57	69	30	66
38	91	74	26	16
66	46	79	31	62
48	9	35	36	32
25	33	60	91	99
31	76	33	94	89
36	46	59	52	69
57	83	87	17	84
30	18	72	58	99
98	20	48	60	25
69	74	10	41	90
91	95	96	48	57
48	40	14	12	97
99	38	19	95	86
79	30	79	71	27
31	41	69	93	92
4	73	76	35	61
9	50	81	4	20
66	39	56	32	23
32	55	86	63	60
60	80	75	29	7
17	66	11	98	36
68	23	32	52	1
92	30	11	61	81
92	93	13	37	33
87	61	60	23	51
4	79	94	31	77
57	40	88	9	9
28	68	12	11	88
1	53	52	59	20
90	32	97	90	44
12	75	99	88	81
61	13	51	45	10
89	30	34	15	79
68	76	97	21	52
78	61	38	78	26
22	85	19	9	94
47	47	75	97	54
30	69	13	75	63
30	36	16	94	75
67	77	67	43	27
46	37	52	74	54
12	15	17	56	29
6	21	6	7	58
95	97	90	34	86
42	61	66	87	64
21	41	83	21	95
71	47	79	51	83
31	60	26	57	92
86	100	16	83	53
20	25	53	65	42
11	86	91	73	77
4	93	56	44	59
65	45	34	92	71
66	91	33	41	51
95	48	68	45	62
92	15	60	61	44
8	70	11	90	42
81	26	22	41	17
16	96	35	80	28
80	77	45	69	64
81	39	36	52	57
16	78	92	7	91
75	88	58	81	45
85	89	32	18	20
93	4	14	36	23
6	28	71	41	93
12	43	94	58	47
74	98	89	86	79
46	11	26	84	41
78	98	3	65	35
67	25	2	76	76
24	98	61	27	50
62	65	56	23	19
51	85	28	78	22
11	1	58	55	100
23	47	80	60	45
77	66	18	74	32
81	70	56	10	14
86	28	89	36	29
51	23	14	46	4
29	64	99	46	72
28	93	11	78	25
4	67	40	55	78
90	4	45	60	24
1	2	20	41	61
89	67	80	69	98
61	65	4	80	72
59	59	10	45	45
5	2	5	72	69
59	70	98	72	57
48	95	69	86	84
52	10	86	28	25
73	83	59	10	3
20	89	58	46	64
47	85	11	79	32
26	24	46	22	42
66	76	97	28	63
77	96	54	57	96
56	95	91	98	40
23	38	93	57	72
33	59	10	6	37
15	90	60	43	38
26	46	6	43	7
56	37	58	34	81
100	24	29	98	54
84	94	10	87	64
35	94	18	51	8
48	41	86	83	35
26	56	99	23	86
23	10	13	49	68
14	24	46	72	53
99	48	2	77	72
36	94	68	86	89
90	91	16	24	12
5	15	24	43	9
87	44	6	44	2
48	71	96	89	34
21	97	85	63	27
71	17	29	95	24
5	98	72	34	27
65	41	56	26	32
80	55	81	33	83
56	3	56	14	25
92	43	88	73	55
21	73	44	100	86
7	98	85	39	16
22	92	31	62	39
38	37	100	15	78
70	17	90	33	39
61	61	88	100	22
18	85	54	17	8
34	43	82	59	52
58	94	60	41	3
21	91	90	26	3
35	65	29	56	2
85	70	5	83	37
3	11	79	42	40
15	5	75	2	96
65	11	100	26	5
62	96	66	57	27
4	73	60	58	35
40	45	79	93	89
34	97	21	55	25
96	52	68	51	87
1	60	18	22	6
20	43	86	76	68
89	100	65	74	89
82	19	33	24	97
5	61	5	98	93
57	75	87	92	98
7	28	5	80	85
69	21	10	57	3
10	30	46	77	87
5	86	86	66	76
97	78	5	37	39
37	14	50	67	83
8	76	33	75	14
50	93	3	86	13
55	93	93	17	62
27	48	62	92	32
43	82	11	38	48
89	2	26	39	54
29	20	69	2	77
55	13	71	90	99
84	41	88	49	91
72	74	45	36	31
99	85	67	95	40
1	7	16	28	18
35	48	91	1	53
34	56	67	77	1
99	73	80	48	86
65	11	93	99	92
59	31	82	92	85
69	5	60	32	33
90	12	78	3	8
74	42	46	25	45
77	50	32	86	4
60	3	16	74	49
25	87	21	55	41
13	29	75	96	60
53	43	13	91	73
21	35	21	25	77
90	57	84	67	70
2	86	23	65	16
54	67	64	8	91
69	72	52	43	56
96	65	95	78	23
30	21	76	55	4
84	47	36	89	73
40	63	42	45	8
30	35	28	15	58
74	57	44	78	61
23	59	78	16	13
91	78	45	39	39
29	24	79	92	26
99	100	86	79	97
55	39	35	7	70
94	58	68	34	81
95	80	69	17	44
13	70	22	77	52
43	67	41	63	76
33	7	51	44	64
11	65	90	31	50
87	25	92	94	76
99	2	63	41	6
49	94	92	23	48
100	31	84	23	98
1	88	12	16	18
89	18	56	75	96
19	93	23	77	32
7	50	21	61	82
17	57	42	15	95
74	85	57	74	61
66	10	77	45	9
48	6	6	5	2
41	34	31	56	40
41	12	46	34	14
23	73	74	25	50
80	89	2	90	2
48	83	6	90	100
3	39	22	88	7
84	86	11	44	71
3	5	50	31	92
74	84	14	13	98
13	85	16	69	16
70	10	93	72	42
23	74	30	28	73
31	65	61	67	32
63	96	88	91	77
79	39	40	63	60
55	84	97	86	16
15	65	36	58	27
81	50	94	42	11
47	99	96	27	99
51	65	100	88	67
81	48	82	32	55
32	44	34	100	95
28	81	42	97	32
82	42	88	19	16
49	64	25	88	73
32	36	38	91	62
13	13	59	9	74
80	2	27	84	40
53	48	30	91	64
78	96	72	35	79
73	41	56	2	14
39	36	6	65	18
43	92	97	99	4
83	32	77	56	80
62	47	33	61	16
69	13	63	60	95
60	21	94	79	34
44	87	3	9	11
41	47	100	1	53
81	68	1	35	90
60	15	92	94	36
54	63	76	4	63
9	27	66	85	95
48	23	46	77	99
80	62	22	80	71
74	2	92	13	49
89	9	73	74	10
31	42	44	81	55
86	21	1	1	5
80	66	31	94	66
25	83	95	28	86
32	48	43	79	68
46	79	32	22	79
82	10	71	34	10
96	58	69	62	30
81	47	81	7	48
26	8	88	7	44
91	24	47	94	73
18	90	73	52	70
52	77	16	25	34
70	28	28	52	8
25	57	78	3	99
77	82	54	63	8
86	29	11	38	93
31	89	80	61	66
90	42	73	59	95
83	64	22	85	8
1	16	63	95	71
96	26	65	57	42
88	89	79	93	60
4	23	95	71	16
50	54	98	93	97
21	23	8	60	37
29	42	3	28	21
22	33	49	63	75
20	55	4	67	18
52	28	64	75	17
91	17	92	77	16
16	79	11	83	6
89	74	65	26	93
51	10	30	81	59
49	78	48	37	89
4	63	10	72	56
1	30	91	22	98
96	37	76	89	6
19	59	52	94	78
68	84	21	19	31
62	80	58	41	45
93	24	22	26	73
61	71	89	96	88
71	95	52	14	2
99	64	3	7	5
59	34	36	13	31
68	86	95	14	47
13	54	87	27	46
13	57	10	88	64
88	60	87	75	9
25	31	20	29	15
65	28	67	25	17
4	7	11	99	69
70	25	66	17	58
85	95	53	69	88
42	9	50	16	15
94	67	69	10	96
82	100	33	33	92
72	43	100	24	23
75	56	91	27	40
51	87	38	24	57
48	93	36	46	9
47	91	16	89	77
59	83	32	38	4
97	22	33	93	53
88	12	92	100	59
69	15	70	100	94
70	23	93	52	19
37	4	86	100	51
18	3	46	44	48
92	93	61	64	17
67	42	66	51	2
27	97	74	33	22
39	19	63	27	80
50	74	85	69	64
99	86	57	56	14
53	97	56	9	87
23	55	30	8	70
61	59	70	72	4
77	22	40	38	79
70	36	2	29	86
52	95	44	75	38
44	48	25	39	7
79	19	32	62	96
59	77	51	22	93
2	40	56	36	1
52	27	36	56	10
45	39	5	82	39
89	59	85	45	42
35	55	29	11	63
31	55	1	82	3
7	6	36	86	97
53	11	6	44	72
42	32	78	28	10
58	86	17	57	89
70	6	50	53	12
85	96	23	97	25
84	55	39	82	89
35	87	33	36	42
65	47	11	47	84
70	87	51	95	75
42	38	32	41	55
77	40	40	83	67
100	53	41	35	30
56	55	29	14	32
48	84	31	33	80
41	62	34	49	56
27	56	31	51	39
70	39	76	89	33
41	91	7	57	15
74	57	37	4	52
14	66	93	84	54
54	86	37	11	97
66	82	61	11	81
13	50	48	6	17
64	32	69	49	34
52	85	83	86	54
8	29	46	74	90
39	20	19	18	50
58	34	38	20	32
23	91	81	91	42
70	22	25	43	46
37	55	65	16	15
66	55	64	68	99
81	91	95	33	52
46	64	39	15	84
78	48	30	5	38
44	76	4	18	19
95	47	5	72	28
79	51	100	82	14
27	42	82	85	98
94	3	87	9	81
67	74	39	97	13
19	68	10	15	40
35	22	62	3	91
64	46	91	92	29
20	45	61	82	78
73	32	89	42	51
25	61	54	85	24
90	91	31	46	50
96	68	94	65	84
4	45	39	96	7
1	33	48	75	21
20	88	16	28	57
89	97	63	94	94
53	47	65	61	90
77	94	36	43	83
50	46	92	57	56
10	6	43	37	100
53	16	45	36	4
40	53	9	5	27
53	92	70	59	22
78	32	3	44	40
50	20	40	23	54
60	16	4	6	10
82	62	83	79	91
89	59	34	39	52
14	25	71	20	75
78	24	94	7	34
97	68	80	32	67
15	72	37	84	20
54	72	31	42	67
68	66	60	38	27
50	31	29	59	27
98	21	72	14	93
52	75	45	66	42
76	11	40	9	88
66	2	2	59	70
95	23	54	71	94
42	61	89	92	90
86	65	98	38	39
57	94	70	48	44
12	30	44	21	23
73	56	90	18	39
95	19	91	34	78
13	29	39	25	10
66	75	34	83	30
42	47	3	71	89
43	36	93	47	72
8	26	20	14	30
78	81	16	67	6
14	59	84	9	32
84	53	17	22	43
42	90	61	81	42
20	92	97	40	95
99	16	30	96	46
55	49	90	70	4
26	63	66	22	43
54	28	46	28	41
62	34	40	59	92
33	67	66	48	59
100	37	34	64	64
19	89	82	80	87
8	21	99	31	76
82	7	19	7	94
22	46	49	64	64
68	7	40	32	68
29	91	24	75	78
83	36	68	93	9
46	49	44	13	5
72	30	73	66	77
20	38	29	31	78
30	49	6	20	26
18	34	36	61	81
90	100	18	81	13
81	34	93	18	5
40	1	69	22	88
50	74	89	4	36
24	80	29	19	67
48	31	67	3	99
16	10	52	86	31
87	35	40	77	55
35	64	50	75	56
32	73	25	2	80
100	34	28	34	89
35	36	10	12	4
31	82	59	56	38
51	81	31	12	36
70	16	75	55	81
4	32	56	70	86
95	43	100	94	11
73	75	16	41	41
93	5	18	57	73
41	33	34	88	5
32	63	8	57	57
51	3	82	33	27
88	15	57	97	68
47	7	71	84	36
33	31	30	83	40
71	45	58	65	3
72	10	11	50	97
40	8	2	47	47
8	99	12	37	8
8	36	18	60	30
21	20	6	57	79
53	46	62	18	92
95	4	10	23	67
85	88	74	73	12
33	54	44	75	41
11	46	78	48	34
32	50	39	80	100
84	82	19	88	74
38	34	38	83	52
86	41	68	2	10
27	46	64	68	48
66	6	100	10	35
60	41	4	78	54
28	74	8	97	54
51	65	12	95	40
16	40	20	80	79
46	20	71	91	39
60	17	89	12	7
18	19	26	6	86
83	41	23	87	18
83	57	64	60	63
100	7	54	91	86
16	11	2	83	16
90	20	23	58	66
39	19	99	51	52
89	100	4	6	18
46	73	68	44	78
42	49	44	80	85
52	38	1	68	50
58	44	61	31	72
22	10	40	54	13
43	90	29	86	95
36	63	40	64	32
5	14	74	94	2
48	11	80	32	56
42	38	46	77	35
48	66	42	31	68
22	5	76	90	16
88	21	32	29	70
81	43	72	25	22
5	96	13	55	82
41	57	42	65	55
53	7	67	99	52
41	28	78	47	22
12	27	51	57	63
36	16	55	59	70
10	55	15	36	55
69	6	36	64	5
20	36	29	24	35
86	67	58	92	94
17	99	38	93	63
12	61	7	24	32
63	35	13	38	23
53	55	70	12	21
61	10	37	42	56
98	97	43	29	72
55	56	18	96	35
87	82	73	58	40
63	100	53	21	11
54	45	51	31	24
99	26	47	41	39
69	24	30	38	20
7	77	71	75	86
65	97	75	37	10
98	38	68	29	86
94	30	10	74	43
56	91	43	16	58
18	1	13	92	77
46	79	9	79	75
71	19	39	5	59
33	11	22	99	16
10	67	43	98	1
85	40	27	95	30
68	69	90	25	26
17	25	74	27	12
86	13	16	21	72
64	16	95	61	53
35	56	26	83	41
66	11	10	26	26
45	46	85	37	21
39	100	19	41	91
48	39	26	65	3
86	11	99	76	98
58	98	74	53	30
10	83	37	52	14
19	93	76	70	90
27	90	1	17	96
47	59	9	20	44
30	38	27	62	73
97	53	80	43	15
65	1	6	90	92
47	98	63	44	87
59	67	47	85	12
54	13	83	49	79
24	33	48	99	6
50	47	50	7	37
64	31	31	43	86
47	79	30	76	69
40	59	99	9	85
74	71	62	94	49
66	83	88	63	1
59	27	27	23	5
6	26	10	39	94
48	59	51	67	83
77	81	36	100	97
66	61	37	73	42
73	18	61	84	43
57	39	27	54	30
40	2	38	86	10
7	76	6	40	54
95	57	23	26	73
31	72	65	83	33
54	50	81	84	34
40	15	53	84	24
9	24	66	22	30
25	95	31	47	96
35	20	92	40	59
16	5	55	8	17
43	65	16	86	66
34	3	58	58	13
4	2	90	45	87
63	61	86	97	44
56	55	6	39	10
60	52	80	97	41
41	2	58	11	74
71	94	52	55	28
32	92	61	34	40
35	91	32	65	21
43	85	99	88	57
75	18	62	17	22
88	68	81	42	44
44	72	13	99	54
65	91	69	45	36
53	78	61	70	59
40	86	99	85	47
59	86	56	59	44
54	23	77	54	72
21	89	13	51	6
18	100	95	39	19
93	62	16	79	47
37	48	33	71	50
14	20	1	93	9
84	80	5	97	8
15	16	50	13	56
39	38	50	69	20
49	46	47	60	3
44	48	89	13	4
33	30	74	45	96
7	38	49	75	71
65	51	83	97	2
51	54	59	21	46
89	60	47	96	33
62	97	73	72	77
17	70	48	56	10
3	95	73	26	65
6	15	45	11	66
80	88	46	11	73
98	8	74	10	80
11	86	83	42	21
96	11	67	43	95
77	97	71	46	90
59	38	85	80	32
23	49	61	100	72
36	61	6	61	33
64	16	5	90	51
92	76	66	34	96
52	2	67	30	72
30	90	81	91	53
40	20	59	85	9
23	31	32	41	26
80	97	1	79	4
63	9	65	29	75
63	20	25	4	25
75	77	83	66	34
63	93	74	71	55
14	21	6	63	8
38	53	10	16	3
38	76	6	99	68
44	97	53	38	1
20	100	87	6	59
99	95	25	67	5
86	16	30	47	17
90	87	33	46	96
18	86	20	5	45
60	1	89	82	96
34	61	67	31	53
88	5	13	36	53
52	9	11	72	56
28	46	2	69	86
81	75	23	11	74
62	92	99	32	65
74	64	46	36	87
5	14	35	68	70
6	27	56	59	76
3	36	80	36	32
20	26	75	83	2
21	83	4	78	43
46	10	42	51	84
56	89	56	37	50
93	21	15	62	55
98	32	51	65	61
82	100	63	22	76
7	6	85	10	69
26	66	64	50	63
84	63	54	96	97
97	25	57	24	72
79	95	66	29	73
54	15	59	32	4
25	12	81	72	34
28	29	22	12	4
28	7	73	53	2
76	97	42	24	62
86	1	87	93	30
5	16	78	44	5
39	36	11	46	54
44	58	5	99	99
11	7	78	6	97
36	60	80	87	91
17	36	46	6	98
30	96	54	60	6
13	33	47	22	91
11	61	28	29	42
85	52	30	92	71
26	48	72	45	93
29	85	71	43	33
80	15	18	54	52
48	10	87	80	75
20	8	12	20	41
8	17	15	4	97
37	42	5	97	30
22	43	61	56	56
15	82	60	93	81
69	12	32	65	13
19	85	88	18	70
12	49	71	1	34
29	14	20	70	22
9	27	15	92	52
93	33	10	18	21
19	29	62	96	81
14	35	53	5	21
30	7	98	69	91
86	67	90	36	15
48	17	6	24	95
20	68	65	13	87
35	81	53	94	16
97	65	98	33	32
68	31	96	66	29
74	13	7	6	68
21	55	30	78	62
22	85	79	54	55
25	88	35	93	16
40	70	60	52	86
74	15	93	22	61
58	100	48	34	99
98	84	88	8	96
8	52	56	1	86
40	21	42	53	11
23	37	22	91	88
67	36	78	57	24
70	21	100	79	44
32	62	100	42	47
88	14	51	84	54
48	81	45	93	47
32	76	98	47	73
82	60	31	98	55
62	15	32	71	62
76	11	45	25	93
2	65	50	40	36
18	15	14	85	59
74	56	18	71	50
25	86	98	73	66
25	94	80	86	84
67	6	21	58	52
83	86	77	53	41
82	36	47	96	38
27	26	47	46	93
87	11	20	83	50
73	56	6	80	54
37	55	40	40	26
57	78	56	4	47
56	44	83	46	12
58	99	42	12	56
91	93	18	18	92
65	74	92	57	33
46	14	57	47	67
37	18	78	17	4
22	93	74	3	26
55	99	95	72	62
70	84	81	8	78
42	80	69	71	21
24	10	38	99	50
13	23	14	81	85
29	75	78	91	31
38	92	66	84	85
4	93	99	52	8
75	94	62	39	8
23	17	62	50	28
97	39	5	86	4
39	76	73	17	57
90	63	54	52	7
58	21	95	63	21
50	57	8	33	65
75	32	85	24	75
29	5	25	98	43
13	40	32	53	97
87	24	51	35	83
52	20	47	9	59
46	95	51	28	67
88	41	16	9	96
54	72	60	73	76
49	90	80	50	67
9	3	5	42	45
36	7	34	77	34
44	82	42	30	54
81	67	10	67	43
10	100	60	4	73
22	87	36	57	26
78	24	71	4	27
24	64	82	78	20
89	55	24	41	42
93	56	33	9	68
76	8	33	12	96
82	71	59	11	75
29	55	27	6	96
87	34	24	41	70
86	78	3	25	73
69	95	41	37	18
17	2	14	44	51
86	8	75	85	96
13	61	2	5	40
63	59	84	68	58
23	10	85	86	19
40	87	81	68	90
9	89	29	40	48
64	27	9	2	3
88	37	82	22	71
61	76	45	74	76
57	88	49	15	58
49	84	60	32	17
23	89	20	9	14
72	43	65	31	97
5	2	16	73	29
81	100	92	28	79
55	81	90	81	80
4	96	95	21	42
18	62	46	39	45
16	57	31	82	62
82	78	24	98	48
1	24	21	20	90
41	95	24	12	96
77	84	17	16	57
17	50	96	27	67
52	48	44	97	22
16	85	93	26	61
66	8	28	98	54
15	75	87	29	5
92	59	87	66	25
35	65	30	27	91
80	92	91	94	27
49	8	53	23	16
47	9	54	48	23
81	29	23	99	35
44	60	36	67	98
71	38	61	94	8
86	44	10	75	7
10	21	69	64	79
14	39	69	96	22
45	56	85	72	7
27	55	82	60	4
39	51	48	84	76
99	64	59	82	62
41	79	17	68	29
83	31	10	88	95
5	95	7	82	88
74	70	78	63	39
9	35	9	59	66
95	57	100	68	93
25	100	67	96	91
39	35	30	34	60
92	53	89	54	88
68	52	28	61	39
13	86	31	41	4
50	36	75	97	15
87	5	24	74	81
55	53	55	15	35
87	70	44	92	2
3	79	64	83	61
14	39	88	61	82
87	20	53	20	49
12	98	79	8	38
13	53	56	63	69
28	37	36	93	47
51	42	71	54	4
28	72	19	95	20
30	28	63	95	9
53	14	26	24	6
82	30	34	83	55
76	94	43	60	38
23	49	38	81	97
13	15	78	13	38
91	30	57	78	98
99	87	46	42	19
50	80	26	62	83
69	86	4	76	40
67	52	71	61	9
15	96	4	78	75
5	90	75	88	36
24	41	55	71	27
23	8	70	77	24
56	92	63	62	23
72	67	8	52	89
45	21	38	25	65
85	97	79	99	36
99	92	26	33	9
10	75	98	28	74
15	54	31	16	93
11	43	51	37	7
47	29	90	3	73
85	94	2	65	26
14	76	92	9	31
39	98	90	10	95
46	92	96	55	5
95	70	32	4	51
41	59	88	8	11
29	92	1	14	48
91	23	45	2	27
15	2	24	22	19
56	29	78	22	52
12	57	96	7	33
39	2	16	47	44
77	13	75	70	61
75	24	72	28	39
20	86	20	97	71
18	46	23	78	88
94	60	94	72	70
60	72	10	52	81
54	25	57	22	75
23	41	60	15	8
47	39	100	45	11
85	61	96	66	63
21	66	11	80	72
21	2	7	75	73
14	83	22	10	59
60	4	55	65	64
30	71	31	17	33
54	35	26	94	69
3	91	96	81	25
25	24	89	81	54
94	28	67	36	82
66	86	29	55	17
39	39	52	87	45
90	74	22	83	36
90	66	65	44	72
90	45	90	23	66
11	6	21	18	32
68	27	87	89	17
16	99	64	45	69
88	9	2	56	97
32	91	15	27	6
47	21	95	48	42
67	80	80	63	56
16	38	26	26	31
30	31	80	80	43
58	54	52	20	2
43	77	6	72	55
78	4	60	36	44
63	26	19	28	9
87	37	43	35	84
41	84	99	20	6
8	74	86	72	22
40	80	55	99	71
8	95	37	8	51
38	34	56	93	39
81	57	74	32	31
88	40	13	96	22
94	3	83	73	67
19	77	31	28	66
66	88	99	30	53
67	39	48	18	93
3	33	60	92	89
26	40	96	100	67
7	4	99	38	7
25	45	2	47	24
46	92	93	66	17
42	33	29	84	26
33	14	31	57	16
39	75	47	71	16
85	95	33	91	59
87	82	71	69	15
69	85	50	39	63
20	56	86	38	29
34	78	42	6	54
63	90	47	60	4
42	62	39	26	35
98	13	53	46	44
26	72	49	26	14
95	49	7	89	88
61	9	96	36	6
85	69	26	51	16
12	4	48	52	59
84	37	78	48	54
90	23	79	94	66
82	85	37	27	57
2	38	69	18	46
60	80	60	56	44
12	23	15	58	7
43	52	73	37	10
71	42	82	88	74
57	44	50	26	10
26	47	18	100	10
72	88	87	24	18
39	42	64	43	21
88	17	12	82	1
95	63	29	9	31
21	70	21	61	58
92	61	80	86	9
51	21	37	98	33
22	82	96	95	54
50	25	36	72	3
59	71	68	59	71
55	57	51	44	17
91	17	50	87	82
18	59	11	41	100
35	17	25	29	64
4	10	95	61	27
76	26	77	41	15
71	43	22	2	2
62	54	26	28	99
12	20	89	6	7
4	77	68	4	31
62	11	25	94	60
97	34	90	50	20
82	18	55	72	97
11	41	30	67	73
44	37	20	20	55
26	83	81	24	22
36	7	71	34	87
64	50	90	11	35
63	21	67	92	96
33	73	66	82	73
56	75	77	51	27
28	77	61	59	16
61	21	40	79	19
46	41	68	69	25
42	84	36	74	44
36	88	87	74	73
94	7	68	72	47
8	88	35	83	36
86	23	45	65	43
46	65	20	64	80
52	83	68	41	81
87	61	56	89	63
61	87	99	26	67
25	12	52	39	45
35	95	17	73	6
71	18	76	46	30
30	64	54	42	14
95	44	43	86	88
74	94	96	76	52
83	95	30	76	18
46	42	73	82	71
77	96	68	45	43
7	6	35	26	49
92	50	95	88	31
38	99	91	37	12
9	47	19	34	51
30	63	87	53	69
13	3	78	18	82
12	7	79	96	37
15	49	24	65	1
47	81	4	78	1
89	53	79	47	88
56	94	59	81	57
75	47	78	100	81
68	95	96	88	55
46	65	47	18	28
22	80	58	26	38
10	63	23	82	82
65	16	70	7	50
21	47	91	60	48
98	95	59	53	20
36	69	53	4	3
92	62	12	33	40
78	7	24	17	14
95	82	67	33	54
16	39	75	58	64
89	74	65	96	61
57	90	99	77	1
66	58	28	72	90
99	83	59	74	52
66	26	1	25	54
57	29	39	87	53
7	50	51	49	94
31	13	41	66	22
89	9	88	40	10
59	12	25	67	22
64	92	99	73	68
97	46	72	45	80
15	62	82	53	54
69	77	95	87	63
29	23	55	56	83
40	56	27	54	6
83	10	52	13	65
63	69	80	17	94
18	73	99	75	31
44	16	12	70	69
32	8	94	17	51
41	33	67	52	32
33	44	85	15	53
50	22	45	48	65
40	86	31	15	13
98	25	53	22	96
61	64	88	80	76
34	64	3	16	53
89	9	68	24	95
69	40	4	81	56
2	60	22	51	14
55	88	64	15	96
6	63	62	31	37
14	70	4	100	50
11	53	58	25	36
91	87	83	24	97
25	19	19	53	3
74	62	76	40	93
26	60	61	72	71
73	64	83	58	100
34	13	34	68	22
26	10	60	6	53
6	98	71	36	68
52	33	27	88	20
20	69	22	76	1
60	44	3	21	95
40	29	25	32	21
43	63	94	56	36
30	86	10	64	73
76	63	16	9	88
7	96	13	56	30
83	81	3	38	83
10	93	6	72	95
65	11	88	39	85
19	2	98	84	20
40	74	12	96	26
70	4	15	10	55
47	69	52	23	78
46	41	27	87	16
28	70	53	24	58
13	44	29	83	34
29	80	56	88	75
76	10	72	21	39
75	49	21	41	15
100	66	15	93	28
49	95	11	24	44
89	41	64	86	42
9	98	28	63	49
92	100	24	3	25
26	48	4	12	65
75	77	93	91	98
59	13	50	14	52
65	21	19	38	68
84	31	95	64	30
81	34	48	94	14
71	17	25	67	27
74	80	83	68	70
45	5	45	33	57
48	83	83	83	43
55	88	11	83	23
34	22	3	78	2
92	27	69	24	65
90	89	25	69	80
56	51	15	16	74
62	24	86	18	12
100	57	92	52	16
30	93	87	82	58
41	87	4	4	7
19	56	79	42	52
34	55	57	7	60
67	44	72	67	12
82	48	4	51	34
14	84	17	61	41
54	100	52	41	100
26	56	50	28	20
11	18	60	81	45
60	49	85	44	89
25	66	55	9	96
56	2	7	19	2
57	67	75	35	9
60	80	91	39	79
96	53	84	82	55
100	87	72	64	58
22	81	4	61	81
32	24	94	2	96
70	29	88	62	45
3	49	92	75	82
54	80	51	74	94
68	54	72	10	43
41	10	99	11	7
28	11	5	99	23
100	6	49	78	60
18	33	68	16	12
4	71	5	72	45
66	27	54	13	45
71	11	60	21	97
55	72	12	87	94
87	77	25	7	88
65	64	5	20	16
95	32	23	8	98
18	96	71	82	91
99	93	76	61	29
8	16	21	69	10
66	24	31	91	50
84	11	48	19	40
72	3	45	97	86
22	60	74	16	16
19	51	44	64	66
60	26	64	88	77
52	36	20	36	44
28	26	25	46	74
77	47	93	33	69
93	42	27	93	96
67	35	21	97	91
90	40	10	64	39
37	97	84	80	92
11	10	3	35	46
30	1	22	97	63
71	29	12	78	34
100	49	4	77	10
28	54	96	68	55
72	74	35	23	28
54	68	7	55	65
97	45	9	82	32
10	62	75	66	37
21	65	91	97	81
9	10	20	38	91
14	1	21	40	45
13	33	2	8	11
40	54	52	89	32
97	58	91	89	53
18	32	91	38	67
80	27	35	9	25
45	72	71	31	95
100	50	69	35	57
98	97	73	49	36
49	39	81	19	31
77	88	99	60	15
32	46	65	2	75
23	72	8	85	26
70	25	21	3	54
49	8	4	10	67
22	45	7	1	51
70	89	32	34	62
90	64	2	38	6
69	6	77	57	95
73	97	49	57	23
67	75	99	58	6
69	83	25	98	38
91	82	14	49	85
92	28	86	58	57
4	64	11	83	74
3	5	26	59	91
80	90	24	80	36
50	56	8	13	89
78	76	48	15	18
71	84	81	2	100
64	5	21	66	48
98	32	52	72	42
11	65	27	69	7
10	35	29	38	95
87	23	96	14	70
52	70	36	17	36
76	34	29	5	72
57	96	19	88	76
48	63	23	10	23
38	22	18	64	99
51	89	22	36	24
53	15	37	75	3
62	46	87	60	12
100	88	64	40	91
5	46	42	3	43
36	38	55	38	4
46	60	49	30	15
57	24	22	21	57
42	49	16	70	21
18	56	43	70	7
32	56	57	73	87
17	89	58	18	13
66	70	40	95	25
68	59	23	62	2
5	55	62	59	80
19	24	20	62	70
1	84	56	86	74
51	27	4	14	98
33	42	53	83	22
9	31	89	4	80
36	82	26	91	70
26	95	58	51	84
49	68	32	12	5
87	6	87	78	91
87	48	1	84	78
19	1	58	67	2
62	37	47	39	50
58	26	38	44	14
48	72	95	96	20
99	44	34	43	65
65	67	62	75	83
5	65	84	68	56
72	15	26	6	55
84	17	11	71	5
38	7	51	63	28
35	46	38	59	4
66	33	8	86	46
66	30	71	71	55
88	4	48	36	52
6	75	60	66	9
48	97	12	89	41
79	33	19	68	32
40	80	86	52	60
19	57	14	22	79
81	88	21	16	72
52	18	39	37	69
85	26	40	20	7
92	65	44	12	83
86	55	29	74	29
32	91	36	38	4
50	39	77	85	54
46	51	72	32	51
14	91	45	10	17
59	84	96	84	22
60	26	36	42	7
6	48	40	94	66
29	93	47	90	29
74	27	8	75	63
64	10	55	71	2
62	47	90	40	67
5	84	30	15	77
89	65	24	28	99
38	16	69	31	29
51	24	39	3	70
74	30	87	93	73
76	31	73	68	54
78	64	83	77	97
18	33	35	55	2
59	7	3	35	65
16	60	31	58	19
5	87	12	31	7
40	65	17	67	92
9	81	91	93	20
49	57	63	89	40
76	60	59	31	80
64	37	73	2	8
92	97	77	53	33
15	26	92	44	83
80	28	40	75	86
60	55	92	27	39
94	38	54	52	62
86	64	26	6	91
75	1	44	11	18
11	4	85	52	80
2	66	58	17	90
19	66	12	47	47
5	24	4	14	40
94	67	25	22	90
70	8	33	32	99
79	90	67	97	22
56	14	63	97	98
8	71	56	37	51
57	51	18	49	3
26	95	59	75	16
59	62	18	49	54
21	45	69	86	83
89	78	36	13	20
88	4	82	6	91
19	18	69	83	25
6	50	42	47	63
53	52	20	20	86
16	38	45	87	2
25	44	48	97	1
61	48	29	27	5
62	15	77	63	56
3	64	89	98	48
36	72	52	69	1
60	15	27	26	23
95	44	94	35	100
5	99	11	22	59
83	1	71	23	100
40	42	17	98	17
71	14	40	32	20
49	75	98	22	57
26	48	63	90	46
70	91	86	21	49
80	49	6	6	91
39	52	97	4	69
82	40	63	13	56
87	16	49	27	28
33	93	18	1	38
35	72	90	44	85
30	63	85	99	16
45	97	96	89	29
62	82	99	68	11
94	18	72	82	1
80	2	32	17	70
91	78	68	14	59
65	4	9	30	2
50	40	57	21	26
50	52	71	61	48
85	44	99	37	69
54	96	82	32	64
80	71	96	86	81
57	41	86	76	22
12	91	21	57	61
22	61	5	33	65
33	94	9	41	17
78	86	65	20	36
50	69	14	64	2
63	78	12	69	8
96	5	1	87	85
66	76	24	80	67
33	75	80	47	89
66	8	94	8	58
2	11	16	65	25
83	73	97	6	52
80	4	41	34	51
22	24	16	97	6
62	70	16	20	78
22	75	48	1	73
78	24	19	12	91
61	77	16	37	19
67	1	27	65	71
32	68	37	34	6
78	43	41	49	75
53	94	22	13	83
71	84	5	69	1
41	13	15	51	95
50	16	22	13	87
69	12	22	59	49
73	63	57	71	82
23	5	55	86	43
100	94	31	14	28
29	96	59	94	24
68	70	90	64	93
45	92	37	78	68
78	33	100	11	17
68	48	33	71	37
13	84	19	1	67
98	33	93	86	71
31	7	83	65	64
89	34	62	40	40
46	29	76	99	15
91	89	72	18	74
58	32	96	96	93
1	63	91	39	31
12	33	1	21	49
10	87	52	62	94
47	43	63	40	92
55	59	8	81	56
13	11	34	33	88
77	81	36	94	19
35	61	16	52	49
14	91	46	71	71
84	40	40	96	5
94	22	32	36	66
97	15	59	79	53
58	65	80	26	94
63	47	46	41	77
7	40	38	1	24
19	92	7	3	28
57	24	11	41	3
55	96	76	84	75
1	2	64	22	50
13	75	96	83	93
55	42	61	94	93
23	73	45	100	50
75	60	33	80	56
48	18	51	78	97
89	92	47	23	40
81	16	11	64	68
82	86	85	76	72
86	88	72	34	21
91	55	47	93	90
74	24	32	58	41
53	6	74	4	12
10	35	81	59	67
96	14	6	92	60
47	72	96	29	20
31	92	5	30	35
37	89	25	36	77
71	7	82	28	24
36	91	55	75	88
19	98	13	7	65
91	24	51	78	78
91	42	88	22	13
98	52	10	9	19
43	60	48	10	29
62	81	74	61	70
45	13	30	40	96
54	50	49	35	83
26	44	83	13	26
34	37	23	22	18
38	92	97	55	18
85	84	86	52	16
96	79	29	10	54
13	22	1	12	94
87	15	52	98	56
59	85	5	55	24
48	59	70	63	19
67	85	96	7	77
5	54	6	57	62
31	23	62	8	41
18	19	74	99	53
17	72	94	12	44
33	20	92	53	46
18	87	70	33	43
47	4	51	66	42
86	60	56	76	41
19	65	6	21	63
35	84	89	78	77
8	59	52	92	50
20	49	35	68	56
83	46	100	83	97
92	95	71	79	18
36	86	15	51	20
81	4	18	10	39
40	44	40	58	86
95	76	31	41	47
37	34	75	49	82
95	92	91	41	48
68	71	18	51	89
100	14	24	81	69
81	46	11	55	78
83	2	50	32	4
68	58	55	32	25
31	76	63	62	30
76	23	23	4	92
71	23	65	45	59
28	63	15	9	98
33	24	5	22	95
19	21	15	2	6
11	25	65	88	51
93	49	28	97	73
79	53	7	20	50
2	10	74	7	89
19	36	46	57	8
45	79	32	16	91
87	78	76	25	76
85	21	77	22	78
31	95	86	12	29
20	33	36	27	39
2	42	80	59	74
74	85	31	62	25
1	31	95	38	36
52	73	18	69	69
42	58	46	49	47
92	36	8	93	14
66	33	83	53	30
3	87	55	55	40
24	50	77	82	17
97	49	95	36	29
5	83	57	47	12
85	70	14	75	10
98	39	32	100	17
42	49	49	37	78
34	69	47	40	63
69	13	4	65	46
85	70	99	84	43
32	12	37	2	32
28	13	73	22	22
63	17	10	67	70
95	92	87	83	12
5	29	12	91	38
37	60	12	66	32
44	7	2	84	94
11	22	6	81	99
29	89	53	90	24
18	85	11	75	61
87	43	78	5	41
56	16	56	19	1
95	80	24	39	2
50	42	52	40	59
59	9	84	3	24
33	31	48	40	22
5	9	45	70	21
34	54	9	65	3
53	21	32	24	73
82	23	97	70	71
41	38	91	41	89
35	9	69	100	90
31	9	60	58	88
16	54	25	60	49
35	91	53	77	32
34	93	27	95	42
5	77	46	41	55
4	22	37	86	15
12	21	96	23	49
47	91	48	6	35
52	72	19	27	95
76	65	76	94	53
80	70	65	43	60
24	20	30	44	56
60	42	35	93	72
31	34	97	26	78
24	6	3	88	90
81	63	49	82	90
30	70	95	89	87
72	17	27	20	26
55	3	85	87	67
68	2	30	83	64
62	25	62	19	33
1	63	46	35	74
51	99	30	91	36
19	10	5	34	72
18	95	69	98	69
82	78	19	77	51
49	31	41	9	7
31	3	1	70	93
17	23	47	77	84
14	96	80	77	16
48	11	31	27	39
42	88	16	31	9
37	44	63	42	24
28	80	65	9	80
45	41	52	94	50
16	3	13	72	41
92	65	96	30	11
69	41	63	85	33
10	70	69	82	4
2	83	55	16	59
77	97	50	61	75
73	24	56	25	1
30	94	98	26	72
41	27	62	18	46
10	24	12	55	27
40	38	10	38	2
76	26	100	77	1
10	98	98	49	26
29	2	81	55	58
22	30	68	52	38
28	33	62	77	52
24	88	88	2	27
78	48	12	16	63
82	55	20	32	1
57	88	66	69	19
31	45	37	76	58
50	88	11	10	26
19	64	71	86	89
22	93	80	33	21
12	12	18	37	33
25	13	23	33	78
27	36	49	7	6
28	17	29	46	11
65	37	13	91	82
90	20	87	27	59
8	10	64	87	45
74	3	59	59	92
1	50	31	12	91
37	87	69	100	42
66	80	58	83	24
18	10	60	82	74
48	95	69	9	81
32	58	27	68	80
50	55	99	36	73
83	66	83	4	41
12	5	60	24	99
32	30	85	56	50
96	52	4	93	15
29	88	91	60	2
61	48	46	51	74
66	79	10	21	26
27	75	67	60	2
52	30	9	1	94
12	31	60	85	32
50	90	14	1	61
3	32	67	69	75
72	56	75	79	37
53	89	31	29	5
72	38	71	30	65
21	83	47	93	83
77	21	80	61	99
86	93	29	33	31
52	32	98	100	97
3	99	8	56	74
32	22	7	100	48
95	72	45	38	50
34	83	36	32	73
46	75	36	25	64
45	41	54	37	2
36	92	65	41	16
19	81	94	8	98
73	95	34	93	91
57	11	61	53	99
27	44	95	69	13
44	58	61	68	55
31	59	54	65	78
72	57	50	27	3
49	32	25	56	40
66	24	64	3	96
55	50	68	73	66
77	82	1	63	51
92	45	72	39	39
1	48	87	21	32
87	98	67	87	69
44	5	97	89	41
73	43	26	32	47
61	84	90	91	34
95	95	53	51	21
73	44	71	65	41
5	88	3	90	66
49	65	51	89	6
5	42	68	84	79
77	58	14	21	13
50	35	54	43	15
99	14	61	7	41
69	33	38	63	20
17	31	70	1	46
21	83	71	25	83
29	72	96	23	16
79	97	11	91	91
42	96	18	35	61
82	47	94	66	20
68	11	26	31	72
42	32	37	6	28
65	65	95	94	61
42	81	17	90	33
57	16	1	82	5
56	96	29	8	8
54	11	48	31	33
2	47	75	85	26
9	3	32	28	89
26	58	89	64	46
15	46	28	34	86
48	25	67	87	73
39	24	86	35	75
90	7	96	69	24
11	84	13	76	56
62	90	58	50	79
31	68	35	61	52
46	82	62	21	88
75	17	22	62	86
91	58	42	61	25
56	19	17	68	7
27	38	37	15	75
72	49	43	33	35
85	35	50	92	2
1	41	41	85	77
77	9	67	69	81
36	40	47	59	67
44	85	37	89	92
72	86	66	49	31
5	60	36	49	93
45	84	91	33	5
60	93	12	75	97
92	1	77	30	36
83	9	27	81	19
57	45	13	75	63
45	19	25	95	65
82	40	26	36	51
48	74	94	70	89
82	99	76	85	68
20	88	90	50	86
8	64	11	90	90
27	27	80	95	26
39	81	17	29	56
39	38	54	74	96
49	24	63	45	70
45	2	73	37	32
30	35	10	1	18
80	52	64	96	90
34	95	4	100	21
72	80	60	52	54
82	6	7	65	6
80	33	5	74	46
78	81	62	36	84
21	12	60	15	21
62	43	93	12	19
26	90	23	27	99
81	51	23	89	11
95	3	77	85	84
83	70	3	20	87
1	36	71	89	7
17	57	84	47	47
63	62	48	59	25
85	17	35	79	77
14	96	73	52	26
1	14	22	77	78
68	16	95	12	3
72	19	91	97	54
72	58	61	12	93
55	36	42	14	28
88	50	27	11	6
30	55	42	21	17
43	13	1	5	89
75	16	34	8	100
26	40	90	94	50
11	74	80	92	26
3	18	22	42	47
65	6	21	39	30
12	59	47	95	37
54	2	73	30	58
85	89	49	65	60
65	31	97	87	46
97	77	87	43	30
19	3	31	1	65
65	91	68	93	49
54	95	46	42	88
28	79	21	99	23
18	6	33	62	41
36	72	80	28	18
73	79	21	51	62
68	46	98	88	29
19	99	40	61	20
12	30	19	35	29
46	89	22	98	32
46	51	63	44	48
35	93	2	83	73
24	53	17	28	62
78	2	91	79	71
88	82	33	77	51
72	22	56	27	53
69	79	21	86	34
43	94	29	93	37
5	94	94	62	68
50	71	27	46	7
25	53	36	94	43
46	45	76	85	78
53	50	14	84	85
61	94	6	7	74
82	65	77	7	36
45	66	78	14	96
89	33	28	54	69
73	9	52	54	24
99	76	12	61	43
4	72	98	79	15
63	22	32	76	16
7	86	79	70	22
42	62	70	98	19
50	92	88	99	21
12	47	14	57	22
40	12	93	53	59
2	65	94	75	81
28	55	31	55	7
73	49	58	64	2
48	82	11	26	36
20	96	75	39	38
55	62	5	32	80
74	68	55	62	13
26	25	73	71	65
67	73	93	1	46
91	12	37	77	46
96	77	25	64	88
59	94	44	80	26
23	61	13	11	30
39	41	25	25	82
87	63	35	97	35
17	73	64	1	7
31	20	5	60	82
56	9	9	52	76
20	87	26	87	53
22	78	79	33	8
87	22	19	56	38
16	59	19	25	25
62	20	66	63	56
94	57	75	29	19
60	44	6	19	17
57	83	97	100	36
27	44	98	47	8
72	24	30	42	52
39	6	42	58	9
98	43	52	77	69
14	96	17	27	28
77	30	46	17	87
36	82	3	100	99
68	93	29	12	37
9	97	81	56	77
42	1	41	34	94
48	15	84	83	97
31	30	9	44	43
5	43	40	50	77
21	22	82	77	34
29	89	56	48	77
55	3	2	62	15
28	22	47	32	83
100	24	22	77	59
58	97	5	57	24
86	58	22	97	25
94	79	20	83	79
60	31	14	30	73
33	4	41	14	19
10	83	18	86	10
89	98	28	3	39
8	5	82	1	89
8	42	66	38	4
80	63	44	13	11
39	66	39	19	42
34	80	30	92	85
44	48	69	50	5
90	71	39	85	70
48	99	89	96	97
55	20	94	67	77
65	99	68	39	74
54	11	82	32	92
81	18	7	31	30
26	2	17	91	72
100	67	56	95	47
95	82	53	16	36
84	85	58	96	56
6	69	20	12	1
96	32	9	22	15
30	93	12	87	85
61	88	6	94	48
35	85	28	13	85
59	41	22	49	26
38	78	20	3	81
92	4	22	29	2
5	82	73	82	69
84	74	52	34	12
67	17	43	28	6
37	26	86	21	4
24	1	75	6	63
19	43	19	60	66
30	30	10	16	48
92	74	82	6	55
12	98	34	46	18
23	24	87	58	49
44	16	6	14	39
69	84	26	34	55
74	66	78	29	53
30	13	93	10	66
78	19	99	46	86
4	50	10	84	64
6	28	79	59	17
52	24	100	53	51
80	18	65	80	52
66	93	88	86	34
41	68	41	62	5
41	74	99	68	65
43	29	17	70	89
89	13	14	67	71
7	66	89	18	69
85	65	49	41	61
67	74	47	16	59
29	27	37	78	10
64	77	62	84	34
56	76	49	13	37
80	30	94	88	51
51	56	44	13	6
97	65	27	95	18
89	98	48	31	66